0
0
0
0
0
0
0
0
0
0
0
0
0
0
0
0
0
0
0
0
0
0
0
0
0
0
0
0
0
0
0
0
0
0
0
0
0
0
0
0
0
0
0
0
0
0
0
0
0
0
0
0
0
0
0
0
0
0
0
0
0
0
0
0
0
0
0
0
0
0
0
0
0
0
0
0
0
0
0
0
1
0
0
0
0
0
0
0
0
0
0
0
0
0
0
0
0
0
0
0
0
0
0
0
0
0
0
0
0
0
0
0
0
0
0
0
0
0
0
0
0
0
0
0
0
0
0
0
0
0
0
0
0
0
0
0
0
0
0
0
0
0
0
0
0
0
0
0
0
0
0
0
0
0
0
0
0
0
0
0
7694
4275
1316
-3023
4547
1799
7201
6983
-5200
-3578
-2039
251
-1963
-3976
-5514
-3361
-6341
-4779
5621
-6650
5186
-5271
645
-1578
5704
3751
-5420
-8092
-6399
-8159
4329
3633
-7621
-2516
4403
-7240
-4313
-1617
4565
-2008
-4257
7091
1841
4738
-3035
-7625
-5200
-4169
-1950
-956
-1982
4892
-1336
987
1362
3108
3488
-3277
5985
6895
-3839
-6457
318
3994
3335
1805
-5452
2361
4953
-3172
227
-7282
-4785
-2034
2163
6425
-1742
480
4813
5109
