-170
-58
-67
-76
-85
-95
-104
-113
-122
-130
-137
-142
-147
-149
-150
-149
-145
-139
-130
-118
-102
-83
-61
-34
-4
30
68
110
157
207
262
320
382
447
516
587
661
738
816
895
975
1056
1137
1218
1297
1375
1451
1524
1594
1661
1724
1782
1835
1883
1925
1962
1992
2016
2033
2043
2047
2043
2033
2016
1992
1962
1925
1883
1835
1782
1724
1661
1594
1524
1451
1375
1297
1218
1137
1056
975
895
816
738
661
587
516
447
382
320
262
207
157
110
68
30
-4
-34
-61
-83
-102
-118
-130
-139
-145
-149
-150
-149
-147
-142
-137
-130
-122
-113
-104
-95
-85
-76
-67
-58
